 0.0          1.08718197
      -0.3          0.98313156
      -0.6          0.87499157
      -0.9          0.76310176
      -1.2          0.64834008
      -1.5          0.53246737
      -1.8          0.41855570
      -2.1          0.31128708
      -2.4          0.21658098
      -2.7          0.13992774
      -3.0          0.08390410
      -3.3          0.04696763
      -3.6          0.02475280
      -3.9          0.01237857
      -4.2          0.00591368
      -4.5          0.00270593
      -4.8          0.00119102
      -5.1          0.00050506
      -5.4          0.00020668
      -5.7          0.00008770
      -6.0          0.00003146
      -6.3          0.00004501
      -6.6          0.00053215
      -6.9          0.00001584
      -7.2          0.00000041