 5      1024       0.0 138.09266 135.08743   3.00523
         5      1024      -0.5 133.43636 130.48565   2.95070
         5      1024      -1.0 128.63181 125.73721   2.89459
         5      1024      -1.5 123.64958 120.81332   2.83626
         5      1024      -2.0 118.44945 115.67140   2.77805
         5      1024      -2.5 113.06261 110.34485   2.71777
         5      1024      -3.0 107.46276 104.80858   2.65417
         5      1024      -3.5 101.63373  99.04892   2.58481
         5      1024      -4.0  95.52610  93.01562   2.51049
         5      1024      -4.5  89.19825  86.77361   2.42465
         5      1024      -5.0  82.53659  80.20232   2.33427
         5      1024      -5.5  75.59063  73.36488   2.22574
         5      1024      -6.0  68.32555  66.22680   2.09875
         5      1024      -6.5  60.69853  58.75023   1.94829
         5      1024      -7.0  52.69022  50.91660   1.77362
         5      1024      -7.5  44.32912  42.75967   1.56945
         5      1024      -8.0  35.52087  34.18726   1.33360
         5      1024      -8.5  26.26333  25.19523   1.06810
         5      1024      -9.0  16.42595  15.66374   0.76220
         5      1024      -9.5   6.30600   5.82249   0.48351
         5      1024     -10.0  -4.49892  -4.73473   0.23580
         5      1024     -10.5 -15.85315 -15.92878   0.07564
         5      1024     -11.0 -28.05578 -28.08323   0.02745
         5      1024     -11.5 -40.74336 -40.75884   0.01548
         5      1024     -12.0 -54.08828 -54.10325   0.01497
         5      1024     -12.5 -68.10511 -68.12315   0.01803