        0.0000000000       38.3904098935       38.3905333477       38.3905333477       38.3907803013       38.3907803013       38.3909038009       40.8546369516       40.8548580933       40.8548580933       40.8553004437
       -0.1000000000       38.0090072711       38.0091247091       38.0091247091       38.0093596271       38.0093596271       38.0094771070       40.4585815143       40.4587959920       40.4587959920       40.4592250108
       -0.2000000000       37.6384812834       37.6385929794       37.6385929794       37.6388164102       37.6388164102       37.6389281450       40.0731762092       40.0733843010       40.0733843010       40.0738005447
       -0.3000000000       37.2795255038       37.2796317229       37.2796317229       37.2798441967       37.2798441967       37.2799504516       39.6991005174       39.6993024915       39.6993024915       39.6997064967
       -0.4000000000       36.9297565109       36.9298575090       36.9298575090       36.9300595380       36.9300595380       36.9301605691       39.3339563393       39.3341524544       39.3341524544       39.3345447387
       -0.5000000000       36.5915255420       36.5916215660       36.5916215660       36.5918136447       36.5918136447       36.5919096994       38.9800796564       38.9802701616       38.9802701616       38.9806512236
       -0.6000000000       36.2669481836       36.2670394721       36.2670394721       36.2672220774       36.2672220774       36.2673133941       38.6395702333       38.6397553685       38.6397553685       38.6401256882
       -0.7000000000       35.9467535502       35.9468403331       35.9468403331       35.9470139248       35.9470139248       35.9471007337       38.3031408118       38.3033208078       38.3033208078       38.3036808468
       -0.8000000000       35.6458252749       35.6459077735       35.6459077735       35.6460727948       35.6460727948       35.6461553175       37.9856581223       37.9858332007       37.9858332007       37.9861834028
       -0.9000000000       35.3478035591       35.3478819868       35.3478819868       35.3480388645       35.3480388645       35.3481173145       37.6707449592       37.6709153331       37.6709153331       37.6712561244
       -1.0000000000       35.0650891776       35.0651637397       35.0651637397       35.0653128844       35.0653128844       35.0653874671       37.3707842155       37.3709500893       37.3709500893       37.3712818791
       -1.1000000000       34.7933699673       34.7934408613       34.7934408613       34.7935826682       34.7935826682       34.7936535813       37.0814454080       37.0816069780       37.0816069780       37.0819301587
       -1.2000000000       34.5195417685       34.5196091842       34.5196091842       34.5197440332       34.5197440332       34.5198114666       36.7896056582       36.7897631125       36.7897631125       36.7900780606
       -1.3000000000       34.2782477802       34.2783119001       34.2783119001       34.2784401562       34.2784401562       34.2785042925       36.5298890937       36.5300426128       36.5300426128       36.5303496893
       -1.4000000000       34.0322227068       34.0322837061       34.0322837061       34.0324057199       34.0324057199       34.0324667344       36.2650110446       36.2651608013       36.2651608013       36.2654603522
       -1.5000000000       33.7933328685       33.7933909154       33.7933909154       33.7935070235       33.7935070235       33.7935650845       36.0068182086       36.0069643688       36.0069643688       36.0072567258
       -1.6000000000       33.5817006369       33.5817558929       33.5817558929       33.5818664181       33.5818664181       33.5819216873       35.7754131449       35.7755558677       35.7755558677       35.7758413490
       -1.7000000000       33.3651135594       33.3651661794       33.3651661794       33.3652714315       33.3652714315       33.3653240636       35.5385634608       35.5387028988       35.5387028988       35.5389818097
       -1.8000000000       33.1524889385       33.1525390709       33.1525390709       33.1526393469       33.1526393469       33.1526894905       35.3051664551       35.3053027548       35.3053027548       35.3055753887
       -1.9000000000       32.9742475717       32.9742953588       32.9742953588       32.9743909435       32.9743909435       32.9744387411       35.1056229245       35.1057562269       35.1057562269       35.1060228658
       -2.0000000000       32.7908203081       32.7908658863       32.7908658863       32.7909570525       32.7909570525       32.7910026405       34.9003437872       34.9004742282       34.9004742282       34.9007351436
       -2.1000000000       32.6021285293       32.6021720293       32.6021720293       32.6022590386       32.6022590386       32.6023025478       34.6892306315       34.6893583420       34.6893583420       34.6896137961
       -2.2000000000       32.4507371409       32.4507786880       32.4507786880       32.4508617909       32.4508617909       32.4509033467       34.5148287730       34.5149538798       34.5149538798       34.5152041262
       -2.3000000000       32.3041698321       32.3042095465       32.3042095465       32.3042889832       32.3042889832       32.3043287057       34.3446425785       34.3447652046       34.3447652046       34.3450104890
       -2.4000000000       32.1520973294       32.1521353260       32.1521353260       32.1522113269       32.1522113269       32.1522493312       34.1683237800       34.1684440448       34.1684440448       34.1686846068
       -2.5000000000       32.0020672850       32.0021036744       32.0021036744       32.0021764603       32.0021764603       32.0022128568       33.9934014201       33.9935194406       33.9935194406       33.9937555137
       -2.6000000000       31.8960382449       31.8960731330       31.8960731330       31.8961429159       31.8961429159       31.8961778107       33.8618158714       33.8619317621       33.8619317621       33.8621635753
       -2.7000000000       31.7842558786       31.7842893671       31.7842893671       31.7843563506       31.7843563506       31.7843898455       33.7237951115       33.7239089852       33.7239089852       33.7241367641
       -2.8000000000       31.6666357217       31.6666679085       31.6666679085       31.6667322883       31.6667322883       31.6667644812       33.5792375051       33.5793494732       33.5793494732       33.5795734409
       -2.9000000000       31.5533487076       31.5533796870       31.5533796870       31.5534416516       31.5534416516       31.5534726368       33.4382973677       33.4384075410       33.4384075410       33.4386279192
       -3.0000000000       31.4855037785       31.4855336414       31.4855336414       31.4855933728       31.4855933728       31.4856232412       33.3420676018       33.3421760911       33.3421760911       33.3423931012
       -3.1000000000       31.4115618534       31.4115906877       31.4115906877       31.4116483615       31.4116483615       31.4116772011       33.2389936844       33.2391006007       33.2391006007       33.2393144648
       -3.2000000000       31.3314343927       31.3314622835       31.3314622835       31.3315180702       31.3315180702       31.3315459661       33.1289722439       33.1290776993       33.1290776993       33.1292886414
       -3.3000000000       31.2450316541       31.2450586843       31.2450586843       31.2451127496       31.2451127496       31.2451397847       33.0118993250       33.0120034329       33.0120034329       33.0122116801
       -3.4000000000       31.2121249230       31.2121511734       31.2121511734       31.2122036788       31.2122036788       31.2122299340       32.9475326232       32.9476354992       32.9476354992       32.9478412828
       -3.5000000000       31.1790127498       31.1790382995       31.1790382995       31.1790894036       31.1790894036       31.1791149580       32.8821577267       32.8822594891       32.8822594891       32.8824630458
       -3.6000000000       31.1393477032       31.1393726303       31.1393726303       31.1394224892       31.1394224892       31.1394474209       32.8094148756       32.8095156460       32.8095156460       32.8097172189
       -3.7000000000       31.0930339625       31.0930583444       31.0930583444       31.0931071125       31.0931071125       31.0931314988       32.7291965644       32.7292964683       32.7292964683       32.7294963082
       -3.8000000000       31.0647119840       31.0647358976       31.0647358976       31.0647837292       31.0647837292       31.0648076472       32.6661322285       32.6662313958       32.6662313958       32.6664297628
       -3.9000000000       31.0753287066       31.0753522293       31.0753522293       31.0753992792       31.0753992792       31.0754228064       32.6411584843       32.6412570502       32.6412570502       32.6414542147
       -4.0000000000       31.0789964653       31.0790196755       31.0790196755       31.0790661004       31.0790661004       31.0790893151       32.6083780969       32.6084762025       32.6084762025       32.6086724471
       -4.1000000000       31.0756099355       31.0756329132       31.0756329132       31.0756788732       31.0756788732       31.0757018554       32.5676770067       32.5677748000       32.5677748000       32.5679704203
       -4.2000000000       31.0650605622       31.0650833899       31.0650833899       31.0651290500       31.0651290500       31.0651518823       32.5189388764       32.5190365128       32.5190365128       32.5192318199
       -4.3000000000       31.0848736772       31.0848964409       31.0848964409       31.0849419729       31.0849419729       31.0849647413       32.4996823727       32.4997800162       32.4997800162       32.4999753381
       -4.4000000000       31.1345887505       31.1346115405       31.1346115405       31.1346571253       31.1346571253       31.1346799201       32.5094416407       32.5095394647       32.5095394647       32.5097351482
       -4.5000000000       31.1767908576       31.1768137700       31.1768137700       31.1768595999       31.1768595999       31.1768825174       32.5107980672       32.5108962558       32.5108962558       32.5110926691
       -4.6000000000       31.2113529825       31.2113761207       31.2113761207       31.2114224025       31.2114224025       31.2114455462       32.5036229710       32.5037217199       32.5037217199       32.5039192546
       -4.7000000000       31.2381415861       31.2381650624       31.2381650624       31.2382120209       31.2382120209       31.2382355030       32.4877836687       32.4878831868       32.4878831868       32.4880822609
       -4.8000000000       31.2855746348       31.2855985727       31.2855985727       31.2856464548       31.2856464548       31.2856703989       32.4917021384       32.4918026492       32.4918026492       32.4920037096
       -4.9000000000       31.3757229454       31.3757474818       31.3757474818       31.3757965615       31.3757965615       31.3758211047       32.5374571627       32.5375589059       32.5375589059       32.5377624322
       -5.0000000000       31.4576466370       31.4576719255       31.4576719255       31.4577225100       31.4577225100       31.4577478059       32.5741217799       32.5742250132       32.5742250132       32.5744315209
       -5.1000000000       31.5311737027       31.5311999169       31.5311999169       31.5312523537       31.5312523537       31.5312785762       32.6015430905       32.6016480917       32.6016480917       32.6018581362
       -5.2000000000       31.5961182694       31.5961456076       31.5961456076       31.5962002934       31.5962002934       31.5962276410       32.6195620352       32.6196691041       32.6196691041       32.6198832850
       -5.3000000000       31.6522783087       31.6523069988       31.6523069988       31.6523643900       31.6523643900       31.6523930910       32.6280129504       32.6281224113       32.6281224113       32.6283413773
       -5.4000000000       31.7767966525       31.7768269588       31.7768269588       31.7768875841       31.7768875841       31.7769179030       32.7040868074       32.7041990117       32.7041990117       32.7044234653
       -5.5000000000       31.8984498258       31.8984820563       31.8984820563       31.8985465322       31.8985465322       31.8985787776       32.7766226872       32.7767380160       32.7767380160       32.7769687193
       -5.6000000000       32.0105869339       32.0106214496       32.0106214496       32.0106904989       32.0106904989       32.0107250325       32.8390497645       32.8391686318       32.8391686318       32.8394064119
       -5.7000000000       32.1129107993       32.1129480253       32.1129480253       32.1130224989       32.1130224989       32.1130597466       32.8911719974       32.8912948528       32.8912948528       32.8915406085
       -5.8000000000       32.2050908861       32.2051313239       32.2051313239       32.2052122267       32.2052122267       32.2052526916       32.9327850196       32.9329123520       32.9329123520       32.9331670595
       -5.9000000000       32.3038393207       32.3038835637       32.3038835637       32.3039720837       32.3039720837       32.3040163608       32.9807564240       32.9808887645       32.9808887645       32.9811534843
       -6.0000000000       32.4627392901       32.4627880393       32.4627880393       32.4628855815       32.4628855815       32.4629343746       33.0888584730       33.0889963984       33.0889963984       33.0892722813
       -6.1000000000       32.6102608474       32.6103149294       32.6103149294       32.6104231507       32.6104231507       32.6104772901       33.1857878547       33.1859319908       33.1859319908       33.1862202844
       -6.2000000000       32.7458995841       32.7459599688       32.7459599688       32.7460808143       32.7460808143       32.7461412752       33.2713073014       33.2714583262       33.2714583262       33.2717603803
       -6.3000000000       32.8691023447       32.8691701606       32.8691701606       32.8693058953       32.8693058953       32.8693738143       33.3451723396       33.3453309859       33.3453309859       33.3456482577
       -6.4000000000       32.9792701457       32.9793466912       32.9793466912       32.9794999233       32.9794999233       32.9795766101       33.4071321744       33.4072992328       33.4072992328       33.4076332908
       -6.5000000000       33.0914902440       33.0915769893       33.0915769893       33.0917506764       33.0917506764       33.0918376184       33.4726553462       33.4728316671       33.4728316671       33.4731841934
       -6.6000000000       33.2662136065       33.2663121832       33.2663121832       33.2665096135       33.2665096135       33.2666084675       33.6025952285       33.6027817237       33.6027817237       33.6031545153
       -6.7000000000       33.4259357952       33.4260479691       33.4260479691       33.4262727110       33.4262727110       33.4263852798       33.7198527615       33.7200504056       33.7200504056       33.7204453732
       -6.8000000000       33.5700108237       33.5701384485       33.5701384485       33.5703942644       33.5703942644       33.5705224568       33.8241664857       33.8243763176       33.8243763176       33.8247954818
       -6.9000000000       33.6978433119       33.6979882666       33.6979882666       33.6982789946       33.6982789946       33.6984247707       33.9152773132       33.9155004371       33.9155004371       33.9159459231
       -7.0000000000       33.8089181063       33.8090822205       33.8090822205       33.8094116385       33.8094116385       33.8095769474       33.9929309662       33.9931685535       33.9931685535       33.9936425828
       -7.1000000000       33.9028250112       33.9030099889       33.9030099889       33.9033816787       33.9033816787       33.9035684006       34.0568805011       34.0571337948       34.0571337948       34.0576386741
       -7.2000000000       34.0619075667       34.0621149180       34.0621149180       34.0625321542       34.0625321542       34.0627420582       34.1895223166       34.1897926381       34.1897926381       34.1903307471
       -7.3000000000       34.2177018410       34.2179328285       34.2179328285       34.2183985089       34.2183985089       34.2186332389       34.3223342425       34.3226230052       34.3226230052       34.3231967809
       -7.4000000000       34.3558192485       34.3560748502       34.3560748502       34.3565914746       34.3565914746       34.3568525700       34.4407695747       34.4410783066       34.4410783066       34.4416902269
       -7.5000000000       34.4763031083       34.4765839900       34.4765839900       34.4771536828       34.4771536828       34.4774426381       34.5446339694       34.5449643515       34.5449643515       34.5456169152
       -7.6000000000       34.5792686972       34.5795751823       34.5795751823       34.5801997436       34.5801997436       34.5805181071       34.6337506042       34.6341045324       34.6341045324       34.6348002357
       -7.7000000000       34.6648786699       34.6652106908       34.6652106908       34.6658916536       34.6658916536       34.6662411722       34.7079610478       34.7083407324       34.7083407324       34.7090820362
       -7.8000000000       34.7577111687       34.7580681803       34.7580681803       34.7588068505       34.7588068505       34.7591896739       34.7915157716       34.7919238964       34.7919238964       34.7927131758
       -7.9000000000       34.9105589765       34.9109398145       34.9109398145       34.9117372603       34.9117372603       34.9121562350       34.9368907812       34.9373307575       34.9373307575       34.9381702106
       -8.0000000000       35.0466255621       35.0470282268       35.0470282268       35.0478851667       35.0478851667       35.0483442786       35.0669957208       35.0674720972       35.0674720972       35.0683635691
       -8.1000000000       35.1660885754       35.1665099312       35.1665099312       35.1674264237       35.1674264237       35.1679314941       35.1817444751       35.1822636107       35.1822636107       35.1832082354
       -8.2000000000       35.2691081892       35.2695435845       35.2695435845       35.2705183242       35.2705183242       35.2710781512       35.2810666133       35.2816378027       35.2816378027       35.2826352686
       -8.3000000000       35.3558254107       35.3562682696       35.3562682696       35.3572971061       35.3572971061       35.3579253886       35.3649058776       35.3655432669       35.3655432669       35.3665903177
       -8.4000000000       35.4263622157       35.4268037364       35.4268037364       35.4278767316       35.4278767316       35.4285953314       35.4332185564       35.4339444007       35.4339444007       35.4350318853
       -8.5000000000       35.5162787765       35.5167079958       35.5167079958       35.5178041644       35.5178041644       35.5186483059       35.5214278130       35.5222776769       35.5222776769       35.5233852905
       -8.6000000000       35.6605364563       35.6609410269       35.6609410269       35.6620212960       35.6620212960       35.6630458262       35.6643832413       35.6654122612       35.6654122612       35.6665015099
       -8.7000000000       35.7888804036       35.7892482917       35.7892482917       35.7902538351       35.7902538351       35.7915331836       35.7917398924       35.7930227408       35.7930227408       35.7940352843
       -8.8000000000       35.9013730115       35.9016947859       35.9016947859       35.9025652822       35.9025652822       35.9034883030       35.9041729029       35.9050986353       35.9050986353       35.9059745549
       -8.9000000000       35.9980666822       35.9983374157       35.9983374157       35.9990416160       35.9990416160       35.9996241167       36.0010175059       36.0016020952       36.0016020952       36.0023104724
       -9.0000000000       36.0790055258       36.0792253268       36.0792253268       36.0797682223       36.0797682223       36.0801470055       36.0821112105       36.0824915930       36.0824915930       36.0830376872
       -9.1000000000       36.1442268331       36.1443998898       36.1443998898       36.1448063196       36.1448063196       36.1450597503       36.1474914038       36.1477460525       36.1477460525       36.1481549184
       -9.2000000000       36.2087380275       36.2088708999       36.2088708999       36.2091699447       36.2091699447       36.2093431777       36.2121655951       36.2123397509       36.2123397509       36.2126406412
       -9.3000000000       36.3528077338       36.3529077346       36.3529077346       36.3531254247       36.3531254247       36.3532455593       36.3564024860       36.3565233161       36.3565233161       36.3567423971
       -9.4000000000       36.4812423367       36.4813164256       36.4813164256       36.4814737438       36.4814737438       36.4815578091       36.4850085296       36.4850931164       36.4850931164       36.4852514776
       -9.5000000000       36.5940623803       36.5941165974       36.5941165974       36.5942296590       36.5942296590       36.5942887859       36.5980043320       36.5980638481       36.5980638481       36.5981776880
       -9.6000000000       36.6912859960       36.6913252827       36.6913252827       36.6914061617       36.6914061617       36.6914478484       36.6954080803       36.6954500561       36.6954500561       36.6955315132
       -9.7000000000       36.7729293532       36.7729575944       36.7729575944       36.7730152110       36.7730152110       36.7730446176       36.7772359950       36.7772656154       36.7772656154       36.7773236594
       -9.8000000000       36.8390070188       36.8390271856       36.8390271856       36.8390680710       36.8390680710       36.8390887999       36.8435026901       36.8435235763       36.8435235763       36.8435647764
       -9.9000000000       36.8895322439       36.8895465633       36.8895465633       36.8895754681       36.8895754681       36.8895900569       36.8942214601       36.8942361642       36.8942361642       36.8942652996
      -10.0000000000       36.9981814559       36.9981915730       36.9981915730       36.9982119343       36.9982119343       36.9982221796       37.0030687732       37.0030791027       37.0030791027       37.0030996323
